14 0 6 6 1 0 1 7 3
0 0 8 0 0 8 0 1 0 6 0 0
1 0 8 0 0 8 0 2 6 7 0 1
2 0 6 0 0 8 0 0 7 0 0 1
27 0 4 3 1 0 1 0 3
0 0 7 0 0 8 0 1 0 4 0 0
1 0 7 0 0 8 0 2 4 3 0 1
2 0 7 0 0 8 0 0 3 0 0 1
28 0 1 9 1 0 1 0 3
0 0 8 0 0 8 0 1 0 1 0 0
1 0 8 0 0 8 0 2 1 9 0 0
2 0 8 0 0 8 0 0 9 0 0 1
51 0 3 6 1 0 1 0 3
0 0 7 0 0 8 0 1 0 3 0 0
1 0 7 0 0 8 0 2 3 6 0 0
2 0 7 0 0 8 0 0 6 0 0 1
64 0 5 5 1 0 1 3 3
0 0 8 0 0 8 0 1 0 5 0 0
1 0 8 0 0 8 0 2 5 3 0 1
2 0 6 0 0 8 0 0 3 0 0 1
161 0 6 7 1 0 1 0 3
0 0 6 0 0 8 0 1 0 6 0 0
1 0 6 0 0 8 0 2 6 7 0 1
2 0 7 0 0 8 0 0 7 0 0 1
189 0 9 5 1 0 1 0 3
0 0 6 0 0 8 0 1 0 9 0 0
1 0 6 0 0 8 0 2 9 5 0 1
2 0 7 0 0 8 0 0 5 0 0 1
201 0 6 1 1 0 1 0 3
0 0 8 0 0 8 0 1 0 6 0 0
1 0 7 0 0 8 0 2 6 1 0 1
2 0 8 0 0 8 0 0 1 0 0 1
251 0 2 1 1 0 1 0 3
0 0 6 0 0 8 0 1 0 2 0 0
1 0 6 0 0 8 0 2 2 1 0 1
2 0 6 0 0 8 0 0 1 0 0 1
261 0 1 6 1 0 1 0 3
0 0 8 0 0 8 0 1 0 1 0 0
1 0 8 0 0 8 0 2 1 6 0 0
2 0 8 0 0 8 0 0 6 0 0 1
288 0 9 3 1 0 1 0 3
0 0 8 0 0 8 0 1 0 9 0 0
1 0 7 0 0 8 0 2 9 3 0 1
2 0 8 0 0 8 0 0 3 0 0 1
193 6 2 2 1 0 1 0 3
0 0 7 0 0 8 0 1 6 2 0 1
1 0 6 0 0 8 0 2 2 0 0 1
2 0 7 0 0 8 0 0 0 6 0 0
117 8 0 8 1 0 1 0 3
0 0 6 0 0 8 0 1 8 0 0 1
1 0 7 0 0 8 0 2 0 4 0 0
2 0 7 0 0 8 0 0 4 8 0 0
45 7 0 7 1 0 1 0 3
0 0 6 0 0 8 0 1 7 0 0 1
1 0 7 0 0 8 0 2 0 4 0 0
2 0 7 0 0 8 0 0 4 7 0 0
221 3 0 1 1 0 1 3 3
0 0 7 0 0 8 0 1 3 0 0 1
1 0 8 0 0 8 0 2 0 1 0 0
2 0 8 0 0 8 0 0 1 3 0 1
127 8 0 8 1 0 1 0 3
0 0 6 0 0 8 0 1 8 0 0 1
1 0 7 0 0 8 0 2 0 3 0 0
2 0 7 0 0 8 0 0 3 8 0 0
1 2 0 2 1 0 1 0 3
0 0 7 0 0 8 0 1 2 0 0 1
1 0 6 0 0 8 0 2 0 7 0 0
2 0 6 0 0 8 0 0 7 2 0 1
194 7 5 5 1 0 1 0 3
0 0 8 0 0 8 0 1 7 5 0 1
1 0 7 0 0 8 0 2 5 0 0 1
2 0 8 0 0 8 0 0 0 7 0 0
173 5 9 9 1 0 1 0 3
0 0 6 0 0 8 0 1 5 9 0 0
1 0 7 0 0 8 0 2 9 0 0 1
2 0 6 0 0 8 0 0 0 5 0 0
32 3 4 4 1 0 1 0 3
0 0 7 0 0 8 0 1 3 4 0 0
1 0 8 0 0 8 0 2 4 0 0 1
2 0 7 0 0 8 0 0 0 3 0 0
218 0 4 8 1 0 1 0 3
0 0 6 0 0 8 0 1 0 4 0 0
1 0 7 0 0 8 0 2 4 8 0 0
2 0 8 0 0 8 0 0 8 0 0 1
31 0 2 5 1 0 1 0 3
0 0 8 0 0 8 0 1 0 2 0 0
1 0 7 0 0 8 0 2 2 5 0 0
2 0 8 0 0 8 0 0 5 0 0 1
98 9 0 9 1 0 1 0 3
0 0 8 0 0 8 0 1 9 0 0 1
1 0 6 0 0 8 0 2 0 6 0 0
2 0 7 0 0 8 0 0 6 9 0 0
73 8 9 9 1 0 1 0 3
0 0 8 0 0 8 0 1 8 9 0 0
1 0 6 0 0 8 0 2 9 0 0 1
2 0 8 0 0 8 0 0 0 8 0 0
10 5 4 4 1 0 1 0 3
0 0 8 0 0 8 0 1 5 4 0 1
1 0 6 0 0 8 0 2 4 0 0 1
2 0 7 0 0 8 0 0 0 5 0 0
172 9 5 5 1 0 1 0 3
0 0 6 0 0 8 0 1 9 5 0 1
1 0 8 0 0 8 0 2 5 0 0 1
2 0 6 0 0 8 0 0 0 9 0 0
274 7 1 1 1 0 1 0 3
0 0 7 0 0 8 0 1 7 1 0 1
1 0 7 0 0 8 0 2 1 0 0 1
2 0 8 0 0 8 0 0 0 7 0 0
55 4 0 0 1 0 0 1 3
0 0 7 0 0 8 0 1 4 0 0 1
1 0 6 0 0 8 0 2 0 1 0 0
2 0 8 0 0 8 0 0 1 4 0 0
4 4 3 3 1 0 0 1 3
0 0 6 0 0 8 0 1 4 3 0 1
1 0 6 0 0 8 0 2 3 1 0 0
2 0 8 0 0 8 0 0 1 4 0 0
205 5 3 3 1 0 0 1 3
0 0 6 0 0 8 0 1 5 3 0 1
1 0 6 0 0 8 0 2 3 1 0 0
2 0 8 0 0 8 0 0 1 5 0 0
120 1 6 9 1 0 1 1 3
0 0 7 0 0 8 0 1 1 6 0 0
1 0 6 0 0 8 0 2 6 9 0 0
2 0 8 0 0 8 0 0 9 1 0 1
267 1 9 0 1 0 0 1 3
0 0 6 0 0 8 0 1 1 9 0 0
1 0 6 0 0 8 0 2 9 0 0 1
2 0 6 0 0 8 0 0 0 1 0 0
284 1 6 7 1 0 1 1 3
0 0 6 0 0 8 0 1 1 6 0 0
1 0 7 0 0 8 0 2 6 7 0 1
2 0 8 0 0 8 0 0 7 1 0 1
216 9 5 5 1 0 1 1 3
0 0 7 0 0 8 0 1 9 5 0 1
1 0 8 0 0 8 0 2 5 1 0 1
2 0 7 0 0 8 0 0 1 9 0 0
289 1 8 3 1 0 0 1 3
0 0 7 0 0 8 0 1 1 8 0 0
1 0 8 0 0 8 0 2 8 3 0 1
2 0 7 0 0 8 0 0 3 1 0 0
22 1 4 8 1 0 1 1 3
0 0 8 0 0 8 0 1 1 4 0 0
1 0 8 0 0 8 0 2 4 8 0 0
2 0 8 0 0 8 0 0 8 1 0 1
53 9 6 6 1 0 1 1 3
0 0 7 0 0 8 0 1 9 6 0 1
1 0 7 0 0 8 0 2 6 1 0 1
2 0 6 0 0 8 0 0 1 9 0 0
256 1 9 4 1 0 1 1 3
0 0 6 0 0 8 0 1 1 9 0 0
1 0 7 0 0 8 0 2 9 4 0 1
2 0 8 0 0 8 0 0 4 1 0 1
66 2 4 0 1 0 0 2 3
0 0 6 0 0 8 0 1 2 4 0 1
1 0 8 0 0 8 0 2 4 0 0 1
2 0 8 0 0 8 0 0 0 2 0 0
123 7 1 1 1 0 0 2 3
0 0 6 0 0 8 0 1 7 1 0 1
1 0 6 0 0 8 0 2 1 2 0 0
2 0 8 0 0 8 0 0 2 7 0 0
209 2 9 3 1 0 0 2 3
0 0 7 0 0 8 0 1 2 9 0 0
1 0 6 0 0 8 0 2 9 3 0 1
2 0 8 0 0 8 0 0 3 2 0 0
229 0 2 0 1 0 0 2 3
0 0 8 0 0 8 0 1 0 2 0 0
1 0 7 0 0 8 0 2 2 6 0 0
2 0 7 0 0 8 0 0 6 0 0 1
11 5 0 0 1 0 0 2 3
0 0 6 0 0 8 0 1 5 0 0 1
1 0 6 0 0 8 0 2 0 2 0 0
2 0 7 0 0 8 0 0 2 5 0 0
271 7 0 0 1 0 0 2 3
0 0 7 0 0 8 0 1 7 0 0 1
1 0 7 0 0 8 0 2 0 2 0 0
2 0 8 0 0 8 0 0 2 7 0 0
49 2 8 5 1 0 1 2 3
0 0 7 0 0 8 0 1 2 8 0 0
1 0 8 0 0 8 0 2 8 5 0 1
2 0 6 0 0 8 0 0 5 2 0 1
104 1 2 1 1 0 0 2 3
0 0 7 0 0 8 0 1 1 2 0 0
1 0 6 0 0 8 0 2 2 7 0 0
2 0 8 0 0 8 0 0 7 1 0 1
174 2 1 5 1 0 1 2 3
0 0 8 0 0 8 0 1 2 1 0 1
1 0 8 0 0 8 0 2 1 5 0 0
2 0 7 0 0 8 0 0 5 2 0 1
78 4 8 8 1 0 1 2 3
0 0 6 0 0 8 0 1 4 8 0 0
1 0 6 0 0 8 0 2 8 2 0 1
2 0 8 0 0 8 0 0 2 4 0 1
213 4 1 1 1 0 1 3 3
0 0 7 0 0 8 0 1 4 1 0 1
1 0 8 0 0 8 0 2 1 3 0 1
2 0 7 0 0 8 0 0 3 4 0 0
215 3 7 9 1 0 1 3 3
0 0 8 0 0 8 0 1 3 7 0 0
1 0 8 0 0 8 0 2 7 9 0 0
2 0 8 0 0 8 0 0 9 3 0 1
6 3 0 6 1 0 1 3 3
0 0 8 0 0 8 0 1 3 0 0 1
1 0 6 0 0 8 0 2 0 6 0 0
2 0 8 0 0 8 0 0 6 3 0 1
99 3 2 5 1 0 1 3 3
0 0 6 0 0 8 0 1 3 2 0 0
1 0 8 0 0 8 0 2 2 5 0 0
2 0 7 0 0 8 0 0 5 3 0 1
111 9 3 9 1 0 1 3 3
0 0 8 0 0 8 0 1 9 3 0 1
1 0 6 0 0 8 0 2 3 1 0 0
2 0 7 0 0 8 0 0 1 9 0 0
231 4 3 4 1 0 1 3 3
0 0 6 0 0 8 0 1 4 3 0 1
1 0 7 0 0 8 0 2 3 9 0 0
2 0 7 0 0 8 0 0 9 4 0 1
60 7 3 7 1 0 1 3 3
0 0 6 0 0 8 0 1 7 3 0 1
1 0 7 0 0 8 0 2 3 5 0 0
2 0 7 0 0 8 0 0 5 7 0 0
144 6 3 6 1 0 1 3 3
0 0 7 0 0 8 0 1 6 3 0 1
1 0 6 0 0 8 0 2 3 4 0 0
2 0 8 0 0 8 0 0 4 6 0 0
295 7 3 3 1 0 0 4 3
0 0 7 0 0 8 0 1 7 3 0 1
1 0 6 0 0 8 0 2 3 4 0 0
2 0 7 0 0 8 0 0 4 7 0 0
237 7 3 3 1 0 0 4 3
0 0 8 0 0 8 0 1 7 3 0 1
1 0 8 0 0 8 0 2 3 4 0 0
2 0 7 0 0 8 0 0 4 7 0 0
198 0 1 1 1 0 0 4 3
0 0 8 0 0 8 0 1 0 1 0 0
1 0 8 0 0 8 0 2 1 4 0 0
2 0 6 0 0 8 0 0 4 0 0 1
188 3 7 7 1 0 1 4 3
0 0 7 0 0 8 0 1 3 7 0 0
1 0 8 0 0 8 0 2 7 4 0 1
2 0 6 0 0 8 0 0 4 3 0 1
281 5 0 0 1 0 0 4 3
0 0 8 0 0 8 0 1 5 0 0 1
1 0 7 0 0 8 0 2 0 4 0 0
2 0 8 0 0 8 0 0 4 5 0 0
135 8 4 8 1 0 1 4 3
0 0 7 0 0 8 0 1 8 4 0 1
1 0 6 0 0 8 0 2 4 9 0 0
2 0 6 0 0 8 0 0 9 8 0 1
116 4 3 6 1 0 1 4 3
0 0 6 0 0 8 0 1 4 3 0 1
1 0 8 0 0 8 0 2 3 6 0 0
2 0 6 0 0 8 0 0 6 4 0 1
266 4 1 0 1 0 0 4 3
0 0 7 0 0 8 0 1 4 1 0 1
1 0 6 0 0 8 0 2 1 0 0 1
2 0 7 0 0 8 0 0 0 4 0 0
175 1 2 2 1 0 1 4 3
0 0 8 0 0 8 0 1 1 2 0 0
1 0 7 0 0 8 0 2 2 4 0 1
2 0 6 0 0 8 0 0 4 1 0 1
296 5 8 3 1 0 0 5 3
0 0 8 0 0 8 0 1 5 8 0 0
1 0 6 0 0 8 0 2 8 3 0 1
2 0 6 0 0 8 0 0 3 5 0 0
105 5 9 1 1 0 0 5 3
0 0 8 0 0 8 0 1 5 9 0 0
1 0 7 0 0 8 0 2 9 1 0 1
2 0 7 0 0 8 0 0 1 5 0 0
282 5 3 6 1 0 1 5 3
0 0 7 0 0 8 0 1 5 3 0 1
1 0 6 0 0 8 0 2 3 6 0 0
2 0 8 0 0 8 0 0 6 5 0 1
283 5 4 1 1 0 0 5 3
0 0 8 0 0 8 0 1 5 4 0 1
1 0 6 0 0 8 0 2 4 1 0 1
2 0 8 0 0 8 0 0 1 5 0 0
245 5 6 4 1 0 0 5 3
0 0 7 0 0 8 0 1 5 6 0 0
1 0 8 0 0 8 0 2 6 4 0 1
2 0 8 0 0 8 0 0 4 5 0 0
243 5 8 3 1 0 0 5 3
0 0 8 0 0 8 0 1 5 8 0 0
1 0 7 0 0 8 0 2 8 3 0 1
2 0 6 0 0 8 0 0 3 5 0 0
124 5 1 0 1 0 0 5 3
0 0 8 0 0 8 0 1 5 1 0 1
1 0 6 0 0 8 0 2 1 0 0 1
2 0 8 0 0 8 0 0 0 5 0 0
62 5 4 0 1 0 0 5 3
0 0 8 0 0 8 0 1 5 4 0 1
1 0 6 0 0 8 0 2 4 0 0 1
2 0 6 0 0 8 0 0 0 5 0 0
88 5 1 6 1 0 1 5 3
0 0 7 0 0 8 0 1 5 1 0 1
1 0 8 0 0 8 0 2 1 6 0 0
2 0 6 0 0 8 0 0 6 5 0 1
182 5 4 9 1 0 1 5 3
0 0 8 0 0 8 0 1 5 4 0 1
1 0 8 0 0 8 0 2 4 9 0 0
2 0 8 0 0 8 0 0 9 5 0 1
59 6 5 9 1 0 1 6 3
0 0 7 0 0 8 0 1 6 5 0 1
1 0 7 0 0 8 0 2 5 9 0 0
2 0 6 0 0 8 0 0 9 6 0 1
128 6 4 1 1 0 0 6 3
0 0 6 0 0 8 0 1 6 4 0 1
1 0 7 0 0 8 0 2 4 1 0 1
2 0 7 0 0 8 0 0 1 6 0 0
121 1 6 1 1 0 0 6 3
0 0 6 0 0 8 0 1 1 6 0 0
1 0 8 0 0 8 0 2 6 5 0 1
2 0 8 0 0 8 0 0 5 1 0 1
67 9 6 9 1 0 1 6 3
0 0 7 0 0 8 0 1 9 6 0 1
1 0 6 0 0 8 0 2 6 4 0 1
2 0 8 0 0 8 0 0 4 9 0 0
158 0 6 0 1 0 0 6 3
0 0 7 0 0 8 0 1 0 6 0 0
1 0 6 0 0 8 0 2 6 1 0 1
2 0 6 0 0 8 0 0 1 0 0 1
136 6 3 7 1 0 0 6 3
0 0 7 0 0 8 0 1 6 3 0 1
1 0 6 0 0 8 0 2 3 7 0 0
2 0 7 0 0 8 0 0 7 6 0 0
230 3 7 3 1 0 0 7 3
0 0 7 0 0 8 0 1 3 7 0 0
1 0 6 0 0 8 0 2 7 2 0 1
2 0 8 0 0 8 0 0 2 3 0 1
80 6 8 8 1 0 1 7 3
0 0 8 0 0 8 0 1 6 8 0 1
1 0 6 0 0 8 0 2 8 7 0 1
2 0 8 0 0 8 0 0 7 6 0 0
262 7 9 8 1 0 1 7 3
0 0 8 0 0 8 0 1 7 9 0 0
1 0 6 0 0 8 0 2 9 8 0 1
2 0 6 0 0 8 0 0 8 7 0 1
272 6 7 6 1 0 1 7 3
0 0 6 0 0 8 0 1 6 7 0 1
1 0 8 0 0 8 0 2 7 1 0 1
2 0 8 0 0 8 0 0 1 6 0 0
20 7 9 3 1 0 0 7 3
0 0 8 0 0 8 0 1 7 9 0 0
1 0 7 0 0 8 0 2 9 3 0 1
2 0 8 0 0 8 0 0 3 7 0 0
102 9 7 9 1 0 1 7 3
0 0 7 0 0 8 0 1 9 7 0 1
1 0 6 0 0 8 0 2 7 1 0 1
2 0 6 0 0 8 0 0 1 9 0 0
52 7 4 3 1 0 0 7 3
0 0 8 0 0 8 0 1 7 4 0 1
1 0 8 0 0 8 0 2 4 3 0 1
2 0 7 0 0 8 0 0 3 7 0 0
141 7 5 2 1 0 0 7 3
0 0 8 0 0 8 0 1 7 5 0 1
1 0 7 0 0 8 0 2 5 2 0 1
2 0 7 0 0 8 0 0 2 7 0 0
273 1 8 8 1 0 1 7 3
0 0 8 0 0 8 0 1 1 8 0 0
1 0 8 0 0 8 0 2 8 7 0 1
2 0 7 0 0 8 0 0 7 1 0 1
81 7 6 3 1 0 0 7 3
0 0 8 0 0 8 0 1 7 6 0 0
1 0 8 0 0 8 0 2 6 3 0 1
2 0 8 0 0 8 0 0 3 7 0 0
153 0 3 3 1 0 0 7 3
0 0 6 0 0 8 0 1 0 3 0 0
1 0 7 0 0 8 0 2 3 7 0 0
2 0 6 0 0 8 0 0 7 0 0 1
93 9 8 9 1 0 1 8 3
0 0 8 0 0 8 0 1 9 8 0 1
1 0 7 0 0 8 0 2 8 4 0 1
2 0 7 0 0 8 0 0 4 9 0 0
91 9 8 9 1 0 1 8 3
0 0 8 0 0 8 0 1 9 8 0 1
1 0 7 0 0 8 0 2 8 0 0 1
2 0 7 0 0 8 0 0 0 9 0 0
148 8 4 9 1 0 1 8 3
0 0 6 0 0 8 0 1 8 4 0 1
1 0 8 0 0 8 0 2 4 9 0 0
2 0 7 0 0 8 0 0 9 8 0 1
40 8 2 3 1 0 0 8 3
0 0 8 0 0 8 0 1 8 2 0 1
1 0 6 0 0 8 0 2 2 3 0 1
2 0 8 0 0 8 0 0 3 8 0 0
180 9 8 9 1 0 1 8 3
0 0 7 0 0 8 0 1 9 8 0 1
1 0 6 0 0 8 0 2 8 5 0 1
2 0 8 0 0 8 0 0 5 9 0 0
16 2 5 5 1 0 0 8 3
0 0 6 0 0 8 0 1 2 5 0 0
1 0 8 0 0 8 0 2 5 8 0 0
2 0 6 0 0 8 0 0 8 2 0 1
196 3 8 3 1 0 0 8 3
0 0 6 0 0 8 0 1 3 8 0 0
1 0 7 0 0 8 0 2 8 0 0 1
2 0 7 0 0 8 0 0 0 3 0 0
238 8 5 6 1 0 1 8 3
0 0 7 0 0 8 0 1 8 5 0 1
1 0 6 0 0 8 0 2 5 6 0 0
2 0 6 0 0 8 0 0 6 8 0 1
58 1 2 2 1 0 0 8 3
0 0 7 0 0 8 0 1 1 2 0 0
1 0 8 0 0 8 0 2 2 8 0 0
2 0 7 0 0 8 0 0 8 1 0 1
263 8 4 1 1 0 0 8 3
0 0 8 0 0 8 0 1 8 4 0 1
1 0 6 0 0 8 0 2 4 1 0 1
2 0 6 0 0 8 0 0 1 8 0 0
24 9 8 0 1 0 0 9 3
0 0 7 0 0 8 0 1 9 8 0 1
1 0 7 0 0 8 0 2 8 0 0 1
2 0 7 0 0 8 0 0 0 9 0 0
56 9 2 8 1 0 0 9 3
0 0 7 0 0 8 0 1 9 2 0 1
1 0 6 0 0 8 0 2 2 8 0 0
2 0 7 0 0 8 0 0 8 9 0 0
74 9 0 0 1 0 0 6 3
0 0 8 0 0 8 0 1 9 0 0 1
1 0 8 0 0 8 0 2 0 6 0 0
2 0 6 0 0 8 0 0 6 9 0 0
183 9 7 2 1 0 0 9 3
0 0 8 0 0 8 0 1 9 7 0 1
1 0 8 0 0 8 0 2 7 2 0 1
2 0 8 0 0 8 0 0 2 9 0 0
199 9 0 6 1 0 0 9 3
0 0 6 0 0 8 0 1 9 0 0 1
1 0 6 0 0 8 0 2 0 6 0 0
2 0 6 0 0 8 0 0 6 9 0 0
247 9 1 0 1 0 0 9 3
0 0 8 0 0 8 0 1 9 1 0 1
1 0 8 0 0 8 0 2 1 0 0 1
2 0 8 0 0 8 0 0 0 9 0 0
258 9 8 6 1 0 0 9 3
0 0 8 0 0 8 0 1 9 8 0 1
1 0 7 0 0 8 0 2 8 6 0 0
2 0 8 0 0 8 0 0 6 9 0 0
113 4 7 4 1 0 0 7 3
0 0 8 0 0 8 0 1 4 7 0 0
1 0 6 0 0 8 0 2 7 9 0 0
2 0 7 0 0 8 0 0 9 4 0 1
140 2 9 2 1 0 0 9 3
0 0 6 0 0 8 0 1 2 9 0 0
1 0 7 0 0 8 0 2 9 4 0 1
2 0 7 0 0 8 0 0 4 2 0 0
244 7 9 4 1 0 0 7 3
0 0 6 0 0 8 0 1 7 9 0 0
1 0 8 0 0 8 0 2 9 4 0 1
2 0 8 0 0 8 0 0 4 7 0 0
61 5 1 1 1 0 0 9 3
0 0 6 0 0 8 0 1 5 1 0 1
1 0 7 0 0 8 0 2 1 9 0 0
2 0 6 0 0 8 0 0 9 5 0 1
159 7 9 7 1 0 0 9 3
0 0 7 0 0 8 0 1 7 9 0 0
1 0 8 0 0 8 0 2 9 1 0 1
2 0 8 0 0 8 0 0 1 7 0 0
166 5 2 2 1 0 0 9 3
0 0 6 0 0 8 0 1 5 2 0 1
1 0 7 0 0 8 0 2 2 9 0 0
2 0 8 0 0 8 0 0 9 5 0 1
9 1 5 5 1 0 0 9 3
0 0 7 0 0 8 0 1 1 5 0 0
1 0 8 0 0 8 0 2 5 9 0 0
2 0 6 0 0 8 0 0 9 1 0 1
109 2 7 7 1 0 0 9 3
0 0 6 0 0 8 0 1 2 7 0 0
1 0 8 0 0 8 0 2 7 9 0 0
2 0 7 0 0 8 0 0 9 2 0 1
119 7 6 6 1 0 0 9 3
0 0 6 0 0 8 0 1 7 6 0 0
1 0 8 0 0 8 0 2 6 9 0 0
2 0 6 0 0 8 0 0 9 7 0 1
25 3 7 7 1 0 0 9 3
0 0 8 0 0 8 0 1 3 7 0 0
1 0 8 0 0 8 0 2 7 9 0 0
2 0 6 0 0 8 0 0 9 3 0 1
278 9 1 4 1 0 0 9 3
0 0 6 0 0 8 0 1 9 1 0 1
1 0 7 0 0 8 0 2 1 4 0 0
2 0 8 0 0 8 0 0 4 9 0 0
265 7 5 5 1 0 0 9 3
0 0 7 0 0 8 0 1 7 5 0 1
1 0 8 0 0 8 0 2 5 9 0 0
2 0 6 0 0 8 0 0 9 7 0 1
69 1 9 1 1 0 0 9 3
0 0 8 0 0 8 0 1 1 9 0 0
1 0 6 0 0 8 0 2 9 0 0 1
2 0 6 0 0 8 0 0 0 1 0 0
224 4 9 4 1 0 0 9 3
0 0 6 0 0 8 0 1 4 9 0 0
1 0 7 0 0 8 0 2 9 6 0 1
2 0 8 0 0 8 0 0 6 4 0 1